0--Parade/0_Parade_marchingband_1_5.jpg
10
495 177 37 51 0 0 0 0 0 0 
406 203 38 48 1 0 0 0 2 0 
316 213 38 42 1 0 0 0 2 0 
221 226 38 42 1 0 0 0 0 0 
23 208 32 35 2 0 0 0 0 0 
919 166 41 43 1 0 0 0 1 0 
784 152 38 45 1 0 0 0 2 0 
714 190 39 45 1 0 0 0 1 0 
594 185 32 36 2 0 0 0 1 0 
146 215 33 33 1 0 0 0 2 0 
0--Parade/0_Parade_marchingband_1_355.jpg
7
355 104 22 28 1 0 0 0 1 0 
456 114 26 33 1 0 0 0 0 0 
562 90 31 39 0 0 0 0 0 0 
689 107 42 50 0 0 0 0 0 0 
816 177 29 39 0 0 0 0 0 0 
888 107 25 36 1 0 0 0 0 0 
905 87 21 27 1 0 1 0 2 0 
2--Demonstration/2_Demonstration_Demonstration_Or_Protest_2_1.jpg
56
607 250 41 59 1 1 0 0 0 0 
783 262 38 57 1 1 0 0 2 0 
746 287 28 41 1 0 0 0 2 0 
564 239 37 51 1 0 0 0 2 0 
531 271 29 40 1 0 0 0 2 0 
804 231 23 62 1 0 0 0 0 1 
959 274 45 56 1 0 0 0 0 0 
927 271 31 50 1 0 0 0 0 0 
893 255 38 44 1 0 0 0 1 0 
848 96 35 40 1 0 0 0 0 0 
895 122 41 38 1 0 0 0 0 0 
961 175 43 32 1 0 0 0 0 1 
1003 117 20 42 1 0 0 0 2 0 
480 286 42 53 1 0 0 0 0 0 
481 255 40 36 1 0 0 0 2 0 
409 248 39 48 1 0 0 0 0 0 
357 258 41 50 1 1 0 0 0 0 
299 265 38 42 1 0 0 0 0 0 
344 248 35 43 1 0 0 0 2 0 
205 128 45 50 1 0 0 0 2 0 
173 167 35 49 1 0 0 0 0 0 
205 250 45 44 1 0 0 0 0 0 
145 237 33 58 1 1 0 0 2 0 
718 46 15 15 2 0 0 0 0 0 
615 156 7 8 2 0 0 0 0 0 
623 167 5 8 2 0 0 0 0 0 
544 156 16 15 2 0 0 0 0 0 
481 35 33 40 1 0 0 0 0 0 
347 14 37 39 1 0 0 0 0 0 
357 78 17 18 2 0 0 0 0 0 
224 2 32 41 1 0 0 0 0 0 
46 252 27 54 1 0 0 0 2 0 
111 304 35 39 1 0 0 0 0 0 
243 275 24 33 2 0 0 0 1 0 
265 329 16 21 2 0 0 0 0 0 
315 409 22 26 1 0 0 0 0 0 
402 379 11 14 2 0 0 0 0 0 
377 388 18 22 2 0 0 0 0 0 
361 364 13 16 2 0 0 0 0 0 
386 360 8 14 2 0 0 0 2 0 
398 362 9 9 2 0 0 0 0 0 
411 362 10 9 2 0 0 0 2 0 
353 375 6 8 2 0 0 0 2 0 
357 393 6 9 2 0 0 0 0 0 
814 532 43 53 1 1 0 0 1 0 
737 579 37 57 2 0 0 0 1 0 
694 531 36 68 0 0 0 0 0 0 
620 534 34 59 1 0 0 0 2 0 
517 476 39 43 1 0 0 0 1 0 
517 572 36 69 1 1 0 0 0 0 
322 478 43 48 1 0 0 0 2 0 
311 520 40 61 1 0 0 0 0 0 
227 552 16 20 2 0 0 0 0 0 
120 487 44 62 1 0 0 0 2 0 
195 466 36 56 1 0 0 0 2 0 
196 605 29 62 1 0 0 0 0 1 
2--Demonstration/2_Demonstration_Demonstration_Or_Protest_2_15.jpg
11
926 284 98 282 0 0 0 0 2 0 
889 251 126 123 0 0 0 0 2 0 
806 280 37 45 0 0 0 0 0 0 
753 291 49 61 0 0 0 0 2 0 
653 328 72 91 0 0 0 0 0 0 
598 269 38 48 0 0 0 0 1 0 
469 284 148 221 0 1 0 0 0 0 
340 278 43 66 0 0 0 0 1 0 
99 338 88 119 0 1 0 0 0 0 
15 300 79 93 0 1 0 0 0 0 
93 276 47 48 0 0 0 0 1 0 
2--Demonstration/2_Demonstration_Demonstration_Or_Protest_2_54.jpg
55
1009 194 14 22 2 0 0 0 2 0 
983 233 31 37 1 0 0 0 0 0 
862 136 41 46 0 0 0 0 0 0 
852 137 20 32 1 0 0 0 1 0 
775 141 35 35 1 0 0 0 0 0 
730 166 33 37 1 0 0 0 0 0 
667 140 29 29 1 0 0 0 0 0 
635 157 25 26 1 0 0 0 0 0 
612 167 20 21 1 0 0 0 2 0 
624 117 13 38 2 0 0 0 0 0 
575 203 32 45 2 0 0 0 0 0 
566 156 22 27 1 0 0 0 0 0 
530 153 21 25 1 0 0 0 0 0 
504 145 23 24 1 0 0 0 0 0 
446 138 34 40 1 0 0 0 0 0 
580 105 16 37 1 0 0 0 2 0 
533 126 12 21 2 0 0 0 2 0 
512 119 10 17 2 0 0 0 2 0 
495 116 12 20 2 0 0 0 0 0 
475 111 11 23 2 0 0 0 2 0 
614 134 9 19 2 0 0 0 2 0 
602 139 13 20 1 0 0 0 2 0 
522 84 18 42 1 0 0 0 0 0 
490 63 15 32 1 0 0 0 0 0 
402 120 10 10 2 0 0 0 0 0 
367 116 9 12 2 0 0 0 1 0 
374 94 12 17 2 0 0 0 0 0 
394 67 10 15 2 0 0 0 0 0 
310 42 7 8 2 0 0 0 1 0 
335 40 9 11 2 0 0 0 2 0 
315 16 10 16 2 0 0 0 0 0 
334 9 8 12 2 0 0 0 0 0 
366 63 11 15 2 0 0 0 1 0 
379 64 12 19 2 0 0 0 0 0 
400 172 18 21 1 0 0 0 2 0 
381 167 14 15 2 0 0 0 2 0 
360 181 18 20 1 0 0 0 1 0 
320 210 44 45 1 0 0 0 0 0 
320 157 19 21 1 0 0 0 2 0 
272 197 19 24 1 0 0 0 1 0 
242 153 29 40 1 0 0 0 0 0 
268 149 21 21 1 0 0 0 0 0 
244 119 12 13 1 0 0 0 0 0 
235 118 9 12 2 0 0 0 2 0 
434 149 8 12 2 0 0 0 2 0 
426 147 9 12 2 0 0 0 2 0 
195 60 19 21 1 0 0 0 0 0 
170 113 21 22 1 0 0 0 0 0 
184 178 21 27 1 0 0 0 2 0 
171 150 21 24 1 0 0 0 1 0 
130 157 26 27 1 0 0 0 1 0 
107 163 23 28 1 0 0 0 1 0 
106 92 22 25 1 0 0 0 0 0 
123 97 17 21 1 0 0 0 0 0 
717 164 27 31 1 0 0 0 2 0 
3--Riot/3_Riot_Riot_3_710.jpg
7
491 177 56 64 1 0 1 0 0 0 
616 71 59 73 1 0 0 0 1 0 
29 184 28 32 1 0 0 0 2 0 
0 193 26 35 1 0 0 0 0 0 
292 82 37 54 1 0 0 0 1 1 
743 12 33 66 1 0 0 0 1 1 
153 199 16 19 2 0 0 0 1 0 
4--Dancing/4_Dancing_Dancing_4_43.jpg
7
94 108 56 73 1 0 1 0 0 0 
243 115 64 78 1 0 1 0 0 0 
342 109 55 61 1 0 0 0 0 0 
466 103 57 78 1 0 1 0 0 0 
518 127 37 63 1 0 1 0 2 0 
629 102 51 69 1 0 1 0 0 0 
734 123 50 65 1 0 0 0 0 0 
4--Dancing/4_Dancing_Dancing_4_319.jpg
28
83 58 53 65 2 0 0 0 1 0 
0 13 29 38 2 0 0 0 0 0 
213 160 38 41 2 0 0 0 0 0 
342 45 33 39 2 0 0 0 0 0 
442 137 29 38 2 0 0 0 0 0 
410 74 29 38 2 0 0 0 0 0 
486 59 33 40 2 0 0 0 0 0 
746 517 92 46 2 0 0 0 2 1 
552 35 34 41 2 0 0 0 0 0 
596 0 34 39 2 0 0 0 0 0 
622 136 46 59 1 0 0 0 0 0 
731 56 34 42 2 0 0 0 0 0 
964 84 38 41 2 0 1 0 0 0 
211 24 22 29 2 0 0 0 0 0 
193 55 29 36 2 0 0 0 1 0 
150 63 32 39 2 0 0 0 0 0 
198 92 26 33 2 0 0 0 0 0 
257 81 26 35 2 0 0 0 2 0 
275 47 22 30 2 0 0 0 2 0 
301 40 34 40 2 0 0 0 0 0 
321 9 24 30 2 0 0 0 0 0 
328 246 36 40 2 0 0 0 2 0 
446 55 35 34 2 0 0 0 0 0 
429 46 27 41 2 0 0 0 2 0 
656 51 25 37 2 0 0 0 0 0 
688 62 29 36 2 0 0 0 0 0 
709 41 32 44 2 0 0 0 1 0 
956 26 29 41 2 0 0 0 0 0 
7--Cheering/7_Cheering_Cheering_7_138.jpg
15
56 175 43 57 0 0 0 0 0 0 
104 150 38 38 0 0 0 0 2 0 
196 118 29 37 0 0 0 0 1 0 
214 139 43 48 0 0 0 0 1 0 
295 132 41 51 0 0 0 0 1 0 
340 138 48 63 0 0 0 0 0 0 
391 132 38 58 0 0 0 0 1 0 
470 163 48 74 0 1 0 0 0 0 
491 104 50 57 0 0 0 0 1 0 
535 87 36 62 0 0 0 0 2 0 
601 199 49 61 0 0 0 0 0 0 
785 119 47 76 0 1 0 0 0 0 
835 119 55 82 0 0 0 0 0 0 
867 88 47 62 0 0 0 0 1 0 
1009 115 15 59 0 0 0 0 2 0 
7--Cheering/7_Cheering_Cheering_7_139.jpg
23
0 15 22 56 1 0 0 0 1 0 
18 190 46 51 1 0 0 0 0 0 
12 301 50 53 1 0 0 0 2 0 
137 328 46 50 1 0 0 0 0 0 
186 135 51 44 1 0 0 0 1 0 
283 208 56 74 1 0 0 0 2 0 
318 163 37 43 1 0 0 0 2 0 
422 173 42 42 1 0 0 0 1 0 
497 218 50 75 0 1 0 0 2 0 
554 163 50 50 1 0 1 0 1 0 
771 2 42 37 1 0 0 0 2 0 
895 0 42 25 1 0 0 0 2 0 
735 174 49 44 1 0 0 0 1 0 
933 173 47 45 1 0 0 0 1 0 
876 259 53 83 1 1 0 0 2 0 
783 278 50 65 1 0 0 0 1 0 
675 242 57 67 1 0 0 0 2 0 
1013 288 11 34 1 0 0 0 2 0 
938 592 49 52 1 0 0 0 1 0 
20 469 36 46 1 0 1 0 1 0 
181 595 44 56 1 0 0 0 0 0 
287 596 41 58 1 0 0 0 0 0 
474 583 46 42 1 0 0 0 1 0 
8--Election_Campain/8_Election_Campain_Election_Campaign_8_32.jpg
17
989 252 22 28 2 0 0 0 0 0 
951 276 27 24 1 0 0 0 0 0 
912 263 32 45 1 0 0 0 0 0 
957 258 21 25 1 0 0 0 2 0 
871 290 26 27 1 0 0 0 0 0 
789 294 27 28 1 0 0 0 0 0 
722 279 24 28 1 0 0 0 0 0 
663 278 26 28 1 0 0 0 0 0 
614 296 24 25 1 0 0 0 0 0 
560 307 24 27 1 0 0 0 0 0 
467 283 26 29 1 0 0 0 0 0 
362 289 25 28 1 0 0 0 0 0 
320 293 25 28 1 0 0 0 0 0 
423 332 20 20 2 0 0 0 2 0 
222 266 27 27 1 0 0 0 0 0 
108 243 29 29 1 0 0 0 0 0 
31 263 28 30 1 0 0 0 0 0 
8--Election_Campain/8_Election_Campain_Election_Campaign_8_81.jpg
14
838 255 64 64 1 0 0 0 0 1 
672 498 52 56 1 0 0 0 0 0 
789 473 24 34 1 0 0 0 0 0 
645 358 47 45 1 0 0 0 0 1 
462 333 59 65 1 0 0 0 0 0 
272 380 59 68 1 0 0 0 0 0 
391 442 37 40 1 0 0 0 2 0 
206 547 91 108 1 0 0 0 0 0 
79 635 28 33 1 0 0 0 0 0 
149 509 30 40 1 0 0 0 1 0 
227 510 22 27 2 0 0 0 2 0 
158 492 29 35 1 0 1 0 2 0 
765 416 17 23 0 0 0 0 2 0 
986 270 38 138 1 0 0 0 2 0 
9--Press_Conference/9_Press_Conference_Press_Conference_9_12.jpg
21
930 203 37 56 1 0 0 0 0 0 
390 312 19 27 2 0 0 0 0 0 
317 317 22 25 2 0 0 0 0 0 
261 306 19 22 2 0 0 0 0 0 
326 232 16 22 2 0 0 0 2 0 
107 221 32 37 1 0 0 0 0 0 
182 259 16 19 2 0 0 0 0 0 
117 382 26 44 1 0 0 0 0 1 
205 339 18 30 2 0 0 0 0 1 
254 331 14 29 2 0 0 0 0 0 
420 342 20 32 2 0 0 0 0 1 
802 427 27 58 1 0 0 0 0 1 
673 260 15 21 2 0 0 0 0 0 
615 287 15 23 2 0 0 0 0 0 
567 285 13 20 2 0 0 0 0 0 
512 291 13 17 2 0 0 0 0 0 
830 302 20 24 2 0 0 0 0 0 
469 342 20 35 1 0 0 0 0 1 
52 245 8 12 2 0 0 0 1 0 
18 246 6 12 2 0 0 0 2 0 
201 312 19 24 2 0 0 0 1 0 
9--Press_Conference/9_Press_Conference_Press_Conference_9_26.jpg
8
75 310 26 31 1 0 0 0 0 0 
187 320 30 35 1 0 0 0 0 0 
255 307 29 33 1 0 0 0 0 0 
355 320 30 34 1 0 0 0 0 0 
501 298 30 42 1 0 0 0 0 0 
644 297 27 41 1 0 0 0 0 0 
759 299 36 43 1 0 0 0 0 0 
923 274 39 54 1 0 0 0 0 0 
10--People_Marching/10_People_Marching_People_Marching_2_35.jpg
16
236 450 89 97 0 0 1 0 0 0 
4 446 57 67 0 0 1 0 0 0 
65 429 102 133 0 0 1 0 0 0 
461 533 54 81 0 0 1 0 0 0 
570 455 48 47 1 0 0 0 2 1 
500 536 47 83 1 0 0 0 0 1 
674 497 50 63 0 0 1 0 0 0 
725 431 49 66 0 0 1 0 0 0 
833 379 85 101 0 0 1 0 0 0 
938 405 55 83 0 0 1 0 0 0 
981 372 43 82 0 0 1 0 0 0 
495 484 37 40 1 0 0 0 2 0 
434 507 46 65 1 0 0 0 2 0 
399 477 44 62 1 0 0 0 2 0 
604 438 33 43 1 0 0 0 2 0 
793 439 34 43 1 0 0 0 2 0 
10--People_Marching/10_People_Marching_People_Marching_2_60.jpg
14
140 0 33 20 2 0 0 0 1 0 
233 0 22 22 2 0 0 0 0 0 
310 0 28 20 2 0 0 0 1 0 
103 197 38 44 1 0 0 0 0 0 
222 160 39 50 1 0 0 0 0 0 
429 170 26 36 1 0 0 0 2 0 
353 208 36 41 1 0 0 0 0 0 
399 221 38 42 1 0 0 0 0 0 
506 184 43 42 0 0 0 0 0 0 
590 190 27 29 2 0 0 0 0 0 
662 194 38 42 1 0 0 0 0 0 
768 157 41 38 1 0 0 0 0 0 
843 187 32 40 2 0 0 0 0 0 
921 211 35 41 1 0 0 0 0 0 
11--Meeting/11_Meeting_Meeting_11_Meeting_Meeting_11_70.jpg
11
781 352 69 75 0 0 0 0 0 0 
739 324 34 48 1 0 0 0 0 0 
690 289 42 49 1 0 0 0 0 0 
615 280 35 38 1 0 1 0 0 0 
942 331 82 110 0 0 1 0 0 0 
348 271 24 31 1 0 0 0 0 0 
310 273 31 38 1 0 0 0 0 0 
260 262 35 44 1 0 0 0 0 0 
211 309 35 44 1 0 0 0 0 0 
90 309 67 76 0 0 0 0 0 0 
39 368 79 105 0 0 0 0 0 0 
11--Meeting/11_Meeting_Meeting_11_Meeting_Meeting_11_71.jpg
11
454 138 35 49 1 0 0 0 0 0 
348 142 40 50 1 0 0 0 0 0 
304 166 49 67 1 0 0 0 0 0 
604 142 45 58 1 0 0 0 0 0 
739 153 41 68 0 0 1 0 0 0 
780 164 42 57 1 0 0 0 2 0 
773 210 77 85 0 0 0 0 0 0 
839 323 71 154 0 0 0 0 0 1 
19 56 40 43 1 0 0 0 0 0 
232 205 36 74 1 0 0 0 1 0 
75 269 75 88 1 0 1 0 0 0 
12--Group/12_Group_Group_12_Group_Group_12_24.jpg
23
58 169 62 92 0 0 0 0 0 0 
101 138 54 72 0 0 0 0 1 0 
95 67 42 56 1 0 0 0 0 0 
170 130 48 61 1 0 0 0 0 0 
234 84 43 59 1 0 0 0 0 0 
227 178 51 74 1 0 0 0 0 0 
313 219 61 76 1 0 0 0 0 0 
297 132 51 65 1 0 0 0 0 0 
308 63 40 55 1 0 0 0 0 0 
378 90 44 63 0 0 0 0 0 0 
413 191 50 73 0 0 0 0 0 0 
564 221 58 74 0 0 0 0 0 0 
710 192 55 77 0 0 0 0 0 0 
884 198 63 86 0 0 1 0 0 0 
811 116 51 69 0 0 1 0 0 0 
699 73 47 61 0 0 0 0 0 0 
763 21 40 64 0 0 1 0 0 0 
639 52 47 62 0 0 1 0 1 0 
607 94 47 73 0 0 1 0 0 0 
618 183 45 70 0 0 0 0 1 0 
447 129 43 57 0 0 0 0 0 0 
463 55 43 49 1 0 0 0 0 0 
547 70 44 52 1 0 0 0 0 0 
12--Group/12_Group_Group_12_Group_Group_12_28.jpg
23
72 21 37 49 1 0 0 0 0 0 
168 36 33 47 1 0 0 0 0 0 
108 68 36 48 1 0 0 0 0 0 
128 121 43 61 1 0 0 0 0 0 
211 100 34 54 1 0 0 0 0 0 
233 78 36 46 1 0 0 0 0 0 
178 195 35 50 1 0 0 0 0 0 
259 147 40 54 1 0 0 0 0 0 
244 256 45 54 1 0 0 0 0 0 
302 133 36 48 1 0 0 0 0 0 
385 194 41 58 1 0 0 0 0 0 
462 230 31 49 1 0 0 0 0 0 
520 254 36 50 1 0 0 0 0 0 
516 59 28 43 1 0 0 0 0 0 
550 109 39 50 1 0 0 0 0 0 
612 94 41 59 1 0 0 0 0 0 
617 50 39 34 1 0 0 0 2 0 
665 56 35 52 1 0 0 0 0 0 
704 81 41 60 1 0 0 0 0 0 
791 75 38 55 1 0 0 0 0 0 
801 128 45 63 1 0 0 0 0 0 
905 110 43 54 1 0 0 0 0 0 
919 69 40 47 1 0 0 0 0 0 
13--Interview/13_Interview_Interview_2_People_Visible_13_26.jpg
5
0 242 33 50 1 0 0 0 0 0 
177 248 185 202 0 0 0 0 0 0 
369 214 64 100 0 0 0 0 0 0 
442 289 53 61 1 0 0 0 0 0 
529 302 22 41 2 0 0 0 2 1 
13--Interview/13_Interview_Interview_2_People_Visible_13_252.jpg
13
31 28 52 68 2 0 1 0 0 0 
226 21 31 28 2 0 1 0 0 0 
435 15 24 27 2 0 1 0 0 0 
620 36 61 77 1 0 1 0 0 0 
870 15 65 84 1 0 1 0 0 0 
82 288 30 33 0 0 1 0 0 0 
277 295 30 33 2 0 1 0 0 1 
503 285 24 26 2 0 1 0 0 0 
806 276 31 41 1 0 1 0 0 0 
110 556 46 62 2 0 1 0 0 0 
324 560 47 57 2 0 1 0 0 0 
577 511 33 41 2 0 1 0 0 0 
863 525 34 38 2 0 1 0 0 0 
15--Stock_Market/15_Stock_Market_Stock_Market_15_380.jpg
9
149 326 81 76 1 0 1 0 0 1 
242 409 31 45 2 0 0 0 0 0 
333 412 34 74 1 0 0 0 0 1 
394 413 32 54 1 0 0 0 0 1 
100 382 39 66 1 0 0 0 1 0 
879 315 97 91 1 0 0 0 0 0 
848 399 46 49 1 0 0 0 0 0 
724 404 38 42 1 0 1 0 0 0 
565 301 71 71 0 0 1 0 0 1 
15--Stock_Market/15_Stock_Market_Stock_Market_15_554.jpg
8
485 200 104 114 0 0 0 0 0 0 
217 73 157 208 0 0 0 0 0 0 
339 109 96 132 0 0 0 0 0 0 
0 175 69 94 1 0 0 0 2 0 
678 217 38 52 1 0 0 0 0 0 
667 150 13 14 2 0 0 0 0 0 
114 182 38 51 2 0 0 0 2 0 
738 255 23 27 2 0 0 0 1 0 
16--Award_Ceremony/16_Award_Ceremony_Awards_Ceremony_16_25.jpg
11
60 109 45 51 0 1 0 0 0 0 
150 93 40 58 0 0 0 0 0 0 
227 116 37 50 0 0 0 0 0 0 
332 154 43 48 0 0 0 0 0 0 
440 119 35 46 0 0 0 0 0 0 
504 97 33 43 0 0 0 0 0 0 
562 101 40 56 0 0 0 0 0 0 
648 135 41 50 0 0 0 0 0 0 
742 143 40 58 0 0 0 0 0 0 
842 137 39 44 0 0 0 0 0 0 
932 151 38 60 0 0 0 0 0 0 
16--Award_Ceremony/16_Award_Ceremony_Awards_Ceremony_16_93.jpg
14
185 205 63 96 0 0 0 0 0 0 
429 115 64 99 0 0 0 0 0 0 
554 197 76 111 0 0 0 0 0 0 
723 96 40 46 1 0 0 0 1 0 
748 42 34 44 2 0 0 0 0 0 
773 58 30 43 2 0 1 0 2 0 
822 14 30 29 2 0 0 0 1 0 
507 57 35 46 2 0 1 0 0 0 
432 32 37 58 1 0 1 0 0 0 
288 61 35 46 2 0 1 0 0 0 
193 88 42 49 1 0 0 0 0 0 
308 13 30 45 2 0 0 0 0 0 
962 46 35 44 2 0 0 0 0 0 
327 4 23 31 2 0 0 0 2 0 
17--Ceremony/17_Ceremony_Ceremony_17_63.jpg
12
808 104 86 115 0 0 0 0 0 0 
600 140 45 72 1 0 0 0 0 0 
482 216 63 97 1 1 0 0 0 0 
323 226 27 31 2 0 0 0 0 0 
375 218 20 23 2 0 0 0 0 0 
452 201 18 26 2 0 0 0 0 0 
62 227 62 60 1 0 0 0 0 0 
257 228 41 43 1 0 0 0 2 0 
143 228 24 30 2 0 0 0 0 0 
925 157 22 32 2 0 0 0 0 0 
938 146 22 36 2 0 0 0 0 0 
717 135 14 34 2 0 0 0 0 0 
17--Ceremony/17_Ceremony_Ceremony_17_171.jpg
30
929 380 95 148 0 0 0 0 2 0 
645 298 102 144 0 0 0 0 0 0 
520 318 93 118 0 0 0 0 0 0 
395 301 88 106 0 0 0 0 0 0 
254 245 70 84 0 0 0 0 0 0 
354 268 71 91 0 0 0 0 2 0 
197 231 61 83 0 0 0 0 1 0 
151 224 45 76 0 0 0 0 0 0 
23 219 62 76 0 0 0 0 0 0 
9 130 37 47 1 0 0 0 0 0 
92 122 33 48 1 0 0 0 0 0 
151 50 35 41 1 0 0 0 0 0 
247 148 42 50 0 0 0 0 0 0 
301 149 43 57 0 0 0 0 1 0 
331 139 56 67 0 0 0 0 0 0 
455 134 50 70 0 0 0 0 2 0 
475 157 57 81 0 0 0 0 1 0 
631 157 58 65 0 0 0 0 0 0 
692 188 53 64 0 0 0 0 2 0 
854 239 72 90 0 0 0 0 0 0 
957 153 66 114 0 0 0 0 1 0 
268 53 34 48 1 0 0 0 0 0 
292 30 27 44 1 0 0 0 0 0 
517 82 41 50 1 0 0 0 1 0 
669 73 37 49 0 0 0 0 2 0 
722 72 47 65 0 0 0 0 0 0 
765 49 42 75 0 0 0 0 0 0 
525 21 34 38 1 0 0 0 1 0 
579 2 33 39 1 0 0 0 0 0 
750 217 71 83 0 0 0 0 2 0 
18--Concerts/18_Concerts_Concerts_18_127.jpg
18
914 198 38 65 2 0 0 0 1 0 
944 191 42 57 1 0 0 0 0 0 
850 207 24 37 1 0 0 0 0 0 
805 185 41 65 1 0 0 0 0 0 
735 180 49 80 1 0 0 0 0 0 
664 165 51 75 1 0 0 0 0 0 
577 190 26 48 1 0 0 0 0 0 
528 230 55 60 1 1 0 0 0 0 
358 234 57 78 1 1 0 0 0 0 
449 237 39 72 1 0 0 0 0 0 
453 185 36 41 2 0 0 0 2 0 
306 181 41 48 1 0 0 0 2 0 
275 239 52 83 1 0 0 0 0 0 
243 131 36 52 1 0 0 0 0 0 
180 164 40 67 1 0 0 0 0 0 
146 276 71 82 1 0 0 0 0 0 
55 182 29 43 2 0 0 0 0 0 
13 192 41 63 1 0 0 0 0 0 
18--Concerts/18_Concerts_Concerts_18_731.jpg
11
830 357 67 93 0 0 0 0 0 0 
807 91 60 132 1 0 1 0 1 0 
425 317 72 105 1 0 0 0 0 0 
475 41 50 65 1 0 0 0 0 0 
248 49 64 98 1 0 0 0 0 0 
67 193 43 50 1 0 0 0 0 0 
122 415 51 77 1 0 0 0 0 0 
313 585 9 11 2 0 0 0 1 0 
244 546 4 6 0 0 0 1 0 0 
247 569 5 7 2 0 0 0 2 0 
221 522 4 7 0 0 0 1 0 0 
20--Family_Group/20_Family_Group_Family_Group_20_11.jpg
11
388 378 67 84 0 0 1 0 0 0 
813 302 84 106 0 0 0 0 0 0 
747 203 59 73 1 0 0 0 0 0 
308 203 52 51 1 0 1 0 0 0 
337 136 49 62 1 0 0 0 1 0 
484 88 55 60 1 0 1 0 0 0 
679 105 53 45 1 0 1 0 0 0 
613 97 30 34 1 0 0 0 0 0 
593 76 32 37 1 0 0 0 2 0 
446 116 33 23 1 0 0 0 0 1 
108 206 110 119 0 0 1 0 0 0 
20--Family_Group/20_Family_Group_Family_Group_20_62.jpg
23
106 112 39 40 0 0 0 0 0 0 
189 170 41 43 0 0 0 0 0 0 
240 129 33 40 0 0 0 0 0 0 
305 180 38 41 0 0 0 0 0 0 
335 135 34 41 0 0 0 0 0 0 
366 210 28 27 1 0 0 0 0 0 
416 141 34 42 0 0 0 0 1 0 
447 170 35 43 0 0 0 0 0 0 
540 173 31 40 0 0 0 0 0 0 
517 137 31 41 0 0 0 0 1 0 
443 251 37 39 0 0 0 0 0 0 
627 173 35 42 0 0 0 0 0 0 
624 132 31 40 0 0 0 0 0 0 
717 142 33 43 0 0 0 0 0 0 
724 241 27 27 1 0 0 0 0 0 
763 190 36 43 0 0 0 0 0 0 
838 155 35 41 0 0 0 0 0 0 
866 207 39 48 0 0 0 0 0 0 
645 311 33 35 0 0 0 0 0 0 
559 312 34 39 0 0 0 0 0 0 
631 389 29 34 0 0 0 0 0 0 
241 222 38 45 0 0 0 0 0 0 
171 295 25 25 1 0 0 0 0 1 
21--Festival/21_Festival_Festival_21_811.jpg
9
877 271 32 30 1 0 0 0 0 0 
751 258 28 32 1 0 0 0 2 0 
595 266 34 32 1 0 0 0 0 0 
233 400 32 22 1 0 0 0 1 0 
95 351 35 36 1 0 0 0 0 0 
559 363 13 19 2 0 0 0 2 0 
662 366 18 16 2 0 0 0 2 0 
827 333 11 16 2 0 0 0 2 0 
488 274 30 30 2 0 0 0 2 0 
22--Picnic/22_Picnic_Picnic_22_29.jpg
10
79 429 43 49 1 0 0 0 2 0 
147 469 44 67 1 0 0 0 2 0 
272 252 29 36 1 0 0 0 0 0 
371 241 28 33 1 0 0 0 1 0 
596 254 33 35 1 0 0 0 0 0 
516 335 29 34 1 0 0 0 0 1 
882 280 27 37 1 0 0 0 0 0 
966 356 29 49 1 0 0 0 0 0 
972 540 44 87 1 0 0 0 2 0 
996 453 28 50 1 0 0 0 1 0 
22--Picnic/22_Picnic_Picnic_22_140.jpg
8
316 345 21 29 2 0 0 0 0 0 
418 350 26 29 1 0 0 0 0 0 
569 371 21 27 1 0 0 0 0 0 
786 387 24 29 1 0 0 0 0 0 
921 377 17 24 2 0 0 0 0 0 
868 379 19 24 2 0 0 0 1 0 
922 429 14 27 0 0 0 0 0 0 
635 390 23 22 2 0 0 0 0 0 
23--Shoppers/23_Shoppers_Shoppers_23_10.jpg
9
62 383 40 53 1 0 0 0 0 0 
275 308 37 47 1 0 0 0 0 0 
469 332 25 35 1 0 0 0 0 0 
586 310 19 43 2 0 0 0 0 0 
639 296 24 37 1 0 0 0 0 0 
1003 334 14 24 2 0 0 0 1 0 
165 342 15 30 2 0 0 0 2 0 
535 311 17 19 2 0 0 0 0 0 
761 329 17 24 2 0 0 0 0 1 
23--Shoppers/23_Shoppers_Shoppers_23_52.jpg
4
448 186 88 122 0 0 0 0 0 0 
352 292 78 96 0 0 0 0 0 0 
420 72 82 96 0 0 0 0 0 0 
632 6 70 64 0 0 0 0 0 0 
25--Soldier_Patrol/25_Soldier_Patrol_Soldier_Patrol_25_58.jpg
4
195 172 49 63 1 0 0 0 0 0 
382 219 31 56 1 0 0 0 0 0 
400 194 30 62 1 0 0 0 0 0 
774 150 29 66 1 0 0 0 0 0 
25--Soldier_Patrol/25_Soldier_Patrol_Soldier_Patrol_25_325.jpg
11
98 202 49 66 1 0 0 0 0 0 
277 192 46 59 1 0 0 0 0 0 
425 127 59 70 0 0 0 0 0 0 
526 199 50 53 1 0 0 0 2 0 
671 205 41 47 1 0 0 0 0 0 
763 275 36 41 1 0 0 0 0 0 
820 297 32 37 1 0 0 0 1 0 
849 305 32 36 1 0 0 0 0 0 
881 322 24 30 1 0 0 0 1 0 
906 326 14 28 2 0 0 0 1 0 
915 339 12 24 2 0 0 0 1 0 
26--Soldier_Drilling/26_Soldier_Drilling_Soldiers_Drilling_26_31.jpg
5
236 187 36 49 2 0 0 0 0 0 
382 175 38 51 2 0 0 0 0 0 
528 211 44 50 2 0 0 0 0 0 
659 197 43 42 2 0 0 0 0 0 
808 158 42 50 2 0 0 0 0 0 
26--Soldier_Drilling/26_Soldier_Drilling_Soldiers_Drilling_26_73.jpg
17
77 166 54 66 0 0 0 0 0 0 
155 175 51 57 0 0 0 0 0 0 
266 198 48 65 0 0 0 0 0 0 
351 173 51 59 0 0 0 0 0 0 
460 183 46 75 1 0 0 0 0 0 
488 165 39 44 1 0 0 0 2 0 
549 208 42 58 1 0 0 0 0 0 
610 225 39 47 1 0 0 0 0 0 
666 206 38 46 1 0 0 0 0 0 
723 175 44 55 0 0 0 0 0 0 
797 200 38 44 1 0 0 0 0 0 
848 224 33 46 1 0 0 0 0 0 
889 221 30 45 1 0 0 0 0 0 
941 215 39 45 1 0 0 0 0 0 
315 160 26 48 2 0 0 0 2 0 
399 193 47 47 1 0 0 0 2 0 
761 213 35 47 2 0 0 0 2 0 
28--Sports_Fan/28_Sports_Fan_Sports_Fan_28_61.jpg
19
195 304 80 81 1 0 0 0 0 0 
133 125 65 73 1 0 0 0 0 0 
346 167 56 67 1 0 0 0 0 0 
378 110 46 50 1 0 0 0 0 0 
464 309 63 74 1 0 0 0 0 0 
565 382 69 106 1 1 0 0 2 0 
799 240 75 104 1 0 0 0 0 0 
928 30 51 59 1 1 0 0 0 0 
776 186 61 70 1 0 0 0 2 0 
499 128 67 71 1 0 0 0 0 0 
660 42 41 47 1 0 0 0 0 0 
756 101 43 41 1 0 0 0 0 0 
648 118 51 56 1 0 0 0 0 0 
739 164 47 50 1 0 0 0 2 0 
63 134 34 40 2 0 0 0 2 0 
418 145 24 27 2 0 0 0 2 0 
426 168 21 26 2 0 0 0 2 0 
9 150 29 31 2 0 0 0 2 0 
383 81 15 12 2 0 0 0 2 0 
28--Sports_Fan/28_Sports_Fan_Sports_Fan_28_118.jpg
12
5 371 74 101 0 0 0 0 0 0 
483 325 93 126 1 1 0 0 2 0 
637 310 99 118 0 0 0 0 0 0 
711 199 31 59 2 0 0 0 0 0 
542 225 42 55 1 0 1 0 0 0 
14 204 76 83 1 0 0 0 0 0 
329 169 28 44 2 0 0 0 1 0 
49 84 30 37 2 0 0 0 0 0 
849 457 48 61 1 0 0 0 1 0 
94 130 33 32 1 0 0 0 2 0 
580 247 21 35 2 0 0 0 2 0 
463 131 47 62 2 0 0 0 2 0 
29--Students_Schoolkids/29_Students_Schoolkids_Students_Schoolkids_29_5.jpg
14
76 273 63 77 0 0 0 0 0 0 
192 316 50 65 0 0 0 0 0 0 
170 288 44 57 0 0 0 0 2 0 
353 254 51 60 0 0 0 0 0 0 
428 264 49 66 0 0 0 0 0 0 
481 268 50 74 0 0 0 0 0 0 
535 287 51 74 0 0 0 0 0 0 
644 314 71 91 0 0 0 0 0 0 
704 244 43 66 0 0 0 0 0 0 
776 248 70 91 0 0 0 0 0 0 
823 328 74 100 0 0 0 0 0 0 
894 255 69 85 0 0 0 0 1 0 
646 253 33 56 0 0 0 0 2 0 
1005 262 19 97 0 0 0 0 2 0 
29--Students_Schoolkids/29_Students_Schoolkids_Students_Schoolkids_29_251.jpg
21
108 204 63 66 1 0 0 0 0 0 
223 195 47 56 0 0 0 0 1 0 
50 318 59 59 0 0 0 0 0 0 
49 572 72 73 0 0 0 0 0 0 
265 471 64 80 0 0 0 0 0 0 
378 487 72 67 0 0 0 0 0 0 
212 261 68 75 0 0 0 0 0 0 
316 329 55 71 0 0 0 0 0 0 
375 277 51 54 1 0 0 0 0 0 
374 203 52 50 0 0 0 0 2 0 
406 116 53 53 0 0 0 0 0 0 
501 224 67 81 0 0 0 0 0 0 
563 367 56 61 0 0 0 0 0 0 
639 167 52 76 0 0 0 0 0 0 
902 216 66 69 0 0 0 0 0 0 
900 96 41 63 0 0 0 0 0 0 
748 506 69 76 0 0 0 0 0 0 
733 295 67 87 0 0 0 0 0 0 
658 269 58 75 0 0 0 0 1 0 
510 141 46 63 1 0 0 0 2 0 
484 476 59 69 0 0 0 0 0 0 
30--Surgeons/30_Surgeons_Surgeons_30_53.jpg
5
652 260 80 102 0 0 0 0 0 0 
766 216 66 88 0 0 0 0 0 0 
860 178 68 86 0 0 0 0 0 0 
204 160 72 90 0 0 0 0 0 0 
82 260 88 104 0 0 0 0 0 0 
31--Waiter_Waitress/31_Waiter_Waitress_Waiter_Waitress_31_119.jpg
6
68 108 70 84 0 0 1 0 0 0 
220 34 68 98 0 0 0 0 0 0 
600 86 58 80 0 0 0 0 0 0 
742 34 66 82 0 0 0 0 0 0 
898 78 60 80 0 0 0 0 0 0 
408 88 58 88 0 0 0 0 0 0 
31--Waiter_Waitress/31_Waiter_Waitress_Waiter_Waitress_31_358.jpg
7
802 185 84 65 0 0 0 0 0 0 
500 290 67 93 0 0 0 0 0 0 
310 284 60 70 0 0 0 0 0 0 
175 318 36 57 0 0 0 0 0 0 
136 260 19 25 1 0 0 0 0 0 
683 368 24 27 1 0 0 0 1 0 
609 384 21 33 1 0 0 0 2 0 
32--Worker_Laborer/32_Worker_Laborer_Worker_Laborer_32_17.jpg
4
179 103 34 42 1 0 0 0 0 0 
392 129 39 47 1 0 0 0 1 0 
506 159 40 45 1 0 0 0 2 0 
581 144 43 45 1 0 0 0 1 0 
33--Running/33_Running_Running_33_266.jpg
31
1 163 37 53 1 0 0 0 0 0 
41 166 24 34 1 0 0 0 2 0 
49 130 38 43 1 0 0 0 2 0 
184 175 41 47 1 0 0 0 0 0 
127 200 35 36 2 0 0 0 2 0 
69 229 49 33 2 0 0 0 2 0 
93 270 49 50 1 0 0 0 0 0 
239 217 43 62 1 0 0 0 0 0 
287 203 35 45 1 0 0 0 1 1 
252 155 37 42 1 0 0 0 2 0 
391 135 35 40 1 0 0 0 1 0 
428 137 32 35 1 0 0 0 2 0 
480 147 25 41 2 0 0 0 2 0 
509 171 45 49 1 0 0 0 0 0 
485 244 46 65 1 0 0 0 0 0 
379 216 44 41 2 0 0 0 2 0 
362 257 45 66 1 1 0 0 0 0 
609 127 44 50 1 0 0 0 0 0 
663 195 48 43 1 0 0 0 0 1 
792 87 44 58 1 0 0 0 0 0 
886 139 39 38 1 0 0 0 2 0 
914 146 11 1 0 0 0 0 0 0 
748 216 40 43 1 0 0 0 2 0 
810 208 47 40 1 0 0 0 2 0 
876 193 43 60 1 0 0 0 0 0 
769 270 47 59 1 0 0 0 0 0 
650 333 46 24 2 0 0 0 2 1 
923 99 29 52 2 0 0 0 2 0 
328 167 30 36 2 0 0 0 2 0 
157 148 24 37 1 0 0 0 2 0 
989 212 32 45 1 0 0 0 2 0 
33--Running/33_Running_Running_33_536.jpg
19
60 543 25 22 2 0 0 0 1 0 
141 553 20 22 2 0 0 0 1 0 
170 562 54 57 1 0 0 0 0 0 
224 397 38 43 1 0 0 0 0 0 
302 518 14 21 2 0 0 0 0 0 
408 411 35 48 1 0 0 0 0 0 
305 668 45 59 1 0 0 0 0 0 
362 615 42 59 1 0 0 0 0 0 
426 642 45 48 2 0 0 0 2 0 
566 643 48 60 1 0 0 0 0 0 
489 529 43 53 1 0 0 0 0 0 
538 498 47 43 1 0 0 0 0 0 
605 485 39 44 1 0 0 0 0 0 
688 448 46 49 1 0 0 0 0 0 
769 648 45 48 1 0 0 0 0 0 
770 575 45 56 1 0 0 0 1 0 
986 581 13 16 2 0 0 0 0 0 
956 570 12 20 2 0 0 0 0 0 
0 543 13 21 2 0 0 0 1 0 
34--Baseball/34_Baseball_Baseball_34_859.jpg
17
125 140 36 54 0 0 0 0 0 0 
253 145 39 50 0 0 0 0 0 0 
395 146 37 53 0 0 0 0 0 0 
519 131 34 50 0 0 0 0 0 0 
118 275 39 51 0 0 0 0 0 0 
249 274 37 50 0 0 0 0 0 0 
364 260 42 50 0 0 0 0 0 0 
296 403 44 59 0 0 0 0 0 0 
507 255 39 50 0 0 0 0 0 0 
506 393 38 51 0 0 0 0 0 0 
649 142 34 44 0 0 1 0 0 0 
768 162 38 50 0 0 1 0 0 0 
886 165 39 49 0 0 1 0 0 0 
897 293 39 52 0 0 1 0 0 0 
755 278 36 50 0 0 0 0 0 0 
641 263 39 58 0 0 0 0 0 0 
752 399 44 58 0 0 0 0 0 0 
35--Basketball/35_Basketball_Basketball_35_84.jpg
16
247 270 66 81 1 0 0 0 0 0 
549 116 76 128 0 0 0 0 0 0 
623 155 86 122 0 0 0 0 0 0 
394 509 45 69 2 0 0 0 0 0 
58 495 48 57 2 0 0 0 0 0 
826 91 33 50 2 0 0 0 0 0 
990 459 32 58 2 0 0 0 1 0 
357 299 42 54 2 0 0 0 0 0 
931 272 45 59 2 0 0 0 1 0 
146 130 38 49 2 0 0 0 0 0 
287 121 39 53 2 0 0 0 1 0 
843 198 42 60 2 0 0 0 2 0 
417 45 29 36 2 0 0 0 0 0 
699 123 29 42 2 0 0 0 0 0 
38 285 35 54 2 0 0 0 0 0 
42 138 32 39 2 0 0 0 0 0 
35--Basketball/35_Basketball_Basketball_35_180.jpg
11
684 165 28 38 0 0 0 0 0 0 
413 397 34 48 0 0 0 0 0 0 
610 355 33 45 0 0 0 0 0 0 
219 175 32 40 0 0 0 0 0 0 
283 187 33 43 0 0 0 0 0 0 
336 189 26 39 0 0 0 0 0 0 
385 193 28 38 0 0 0 0 0 0 
441 178 27 38 0 0 0 0 0 0 
476 216 28 45 0 0 0 0 0 0 
529 155 27 39 0 0 0 0 0 0 
602 166 30 38 0 0 0 0 0 0 
36--Football/36_Football_americanfootball_ball_36_59.jpg
22
259 205 26 29 2 0 0 0 0 0 
433 325 34 42 1 0 0 0 1 0 
467 343 45 45 1 0 0 0 1 0 
170 124 18 24 2 0 0 0 0 0 
284 102 16 17 2 0 0 0 0 0 
331 98 19 15 2 0 0 0 1 0 
378 112 19 22 2 0 0 0 0 0 
436 108 19 22 2 0 0 0 0 0 
521 100 19 27 2 0 0 0 0 0 
577 95 20 29 2 0 0 0 0 0 
670 93 18 20 2 0 0 0 1 0 
720 110 18 24 2 0 0 0 0 0 
797 87 24 29 2 0 0 0 0 0 
780 56 21 27 2 0 0 0 0 0 
958 94 19 26 2 0 0 0 0 0 
423 494 48 49 1 0 0 0 1 0 
874 285 37 43 1 0 0 0 1 0 
43 165 16 20 2 0 0 0 0 0 
63 97 14 17 2 0 0 0 0 0 
412 703 42 37 1 0 0 0 1 0 
1007 102 11 23 2 0 0 0 2 0 
942 92 19 19 2 0 0 0 1 0 
36--Football/36_Football_Football_36_62.jpg
4
313 114 40 56 1 0 0 0 0 0 
440 190 41 61 0 0 0 0 0 0 
773 140 48 60 0 0 0 0 0 0 
807 114 38 48 1 0 0 0 2 0 
37--Soccer/37_Soccer_Soccer_37_365.jpg
7
103 79 50 66 0 0 0 0 0 0 
267 41 49 70 0 0 0 0 0 0 
378 104 56 52 0 0 0 0 0 1 
557 27 49 68 0 0 0 0 0 0 
637 83 52 67 0 0 0 0 0 0 
712 60 50 69 0 0 0 0 0 0 
822 32 50 70 0 0 0 0 0 0 
37--Soccer/37_Soccer_Soccer_37_618.jpg
6
10 304 74 90 1 0 0 0 0 0 
242 322 74 94 1 0 0 0 1 0 
488 334 84 114 0 0 0 0 0 0 
822 360 72 116 1 0 0 0 0 0 
662 334 68 98 1 0 0 0 2 0 
460 290 66 86 1 0 0 0 2 0 
38--Tennis/38_Tennis_Tennis_38_452.jpg
9
46 114 37 51 1 0 0 0 0 0 
185 127 39 52 1 0 0 0 0 0 
282 79 37 51 1 0 0 0 0 0 
393 63 33 51 1 0 0 0 0 0 
510 55 34 52 1 0 0 0 0 0 
614 60 38 49 1 0 0 0 0 0 
722 79 36 50 1 0 0 0 0 0 
807 99 38 51 1 0 0 0 0 0 
913 112 33 52 1 0 0 0 0 0 
39--Ice_Skating/39_Ice_Skating_Ice_Skating_39_6.jpg
15
526 267 44 62 1 0 0 0 0 0 
909 87 27 42 2 0 0 0 0 0 
957 87 25 30 2 0 0 0 0 0 
856 86 20 32 2 0 0 0 0 0 
746 106 15 23 2 0 0 0 0 0 
504 58 35 51 2 0 0 0 0 0 
321 86 31 40 2 0 0 0 0 0 
288 63 21 35 2 0 0 0 0 0 
178 113 26 38 2 0 0 0 0 0 
204 92 25 30 2 0 0 0 0 0 
93 118 21 24 2 0 0 0 0 0 
152 126 19 24 2 0 0 0 0 0 
373 230 43 66 1 1 0 0 0 0 
460 114 20 29 2 0 0 0 2 0 
535 82 29 35 2 0 0 0 2 0 
40--Gymnastics/40_Gymnastics_Gymnastics_40_67.jpg
18
76 417 20 23 1 0 0 0 0 0 
97 525 23 26 1 0 0 0 0 0 
224 388 18 21 1 0 0 0 0 0 
216 487 19 22 1 0 0 0 0 0 
342 368 15 20 1 0 0 0 0 0 
271 589 24 29 1 0 0 0 0 0 
196 581 19 20 2 0 0 0 2 0 
462 514 22 27 1 0 0 0 0 0 
440 495 18 23 1 0 0 0 0 0 
473 430 15 15 2 0 0 0 2 0 
539 278 18 21 1 0 0 0 0 0 
608 261 17 22 1 0 0 0 0 0 
694 400 17 23 1 0 0 0 0 0 
672 495 20 24 1 0 0 0 0 0 
603 565 16 18 2 0 0 0 2 0 
743 335 18 27 1 0 0 0 0 0 
885 404 20 21 1 0 0 0 0 0 
849 502 21 27 1 0 0 0 0 0 
40--Gymnastics/40_Gymnastics_Gymnastics_40_273.jpg
24
147 69 29 37 0 0 0 0 0 0 
234 66 25 35 0 0 0 0 0 0 
318 73 28 33 0 0 0 0 0 0 
406 79 29 35 0 0 0 0 0 0 
488 65 27 36 0 0 0 0 0 0 
581 76 29 35 0 0 0 0 0 0 
673 76 27 33 0 0 0 0 0 0 
100 113 33 44 0 0 0 0 0 0 
199 131 33 37 0 0 0 0 0 0 
299 132 34 40 0 0 0 0 0 0 
390 124 33 39 0 0 0 0 0 0 
489 128 33 37 0 0 0 0 0 0 
592 130 32 36 0 0 0 0 0 0 
694 130 33 37 0 0 0 0 0 0 
755 73 27 32 0 0 0 0 0 0 
793 131 33 35 0 0 0 0 0 0 
895 132 33 37 0 0 0 0 0 0 
182 234 35 40 0 0 0 0 0 0 
374 240 37 37 0 0 0 0 0 0 
488 264 35 42 0 0 0 0 0 0 
549 279 35 40 0 0 0 0 0 0 
670 253 37 43 0 0 0 0 0 0 
825 233 39 46 0 0 0 0 0 0 
823 61 30 37 0 0 0 0 0 0 
42--Car_Racing/42_Car_Racing_Car_Racing_42_220.jpg
5
797 348 79 85 1 0 0 0 0 0 
596 152 33 89 1 0 0 0 0 1 
471 192 43 59 1 0 0 0 0 0 
388 215 42 49 1 0 0 0 0 0 
89 313 41 47 1 0 0 0 0 0 
43--Row_Boat/43_Row_Boat_Canoe_43_164.jpg
6
319 377 26 27 1 0 0 0 0 0 
568 353 19 19 2 0 0 0 0 0 
613 377 21 23 2 0 0 0 0 0 
646 356 14 11 2 0 0 0 1 0 
773 368 22 25 1 0 0 0 0 0 
783 410 28 42 1 0 0 0 0 0 
43--Row_Boat/43_Row_Boat_Canoe_43_784.jpg
5
206 474 28 23 2 0 0 0 1 0 
222 437 24 25 1 0 0 0 1 0 
349 462 29 31 1 0 0 0 1 0 
400 423 20 27 1 0 0 0 0 0 
657 444 23 25 1 0 0 0 0 1 
44--Aerobics/44_Aerobics_Aerobics_44_4.jpg
8
990 270 16 30 2 0 0 0 1 0 
824 276 20 38 2 0 0 0 0 0 
787 221 37 59 2 0 0 0 0 0 
672 259 30 49 2 0 0 0 0 0 
590 205 57 70 1 0 0 0 0 0 
204 237 39 65 1 0 0 0 0 0 
322 278 31 45 2 0 0 0 0 0 
43 270 32 53 1 0 0 0 0 0 
44--Aerobics/44_Aerobics_Aerobics_44_597.jpg
9
783 286 40 45 1 0 0 0 0 0 
963 319 29 32 1 0 0 0 0 0 
725 330 22 31 1 0 0 0 0 0 
567 316 21 31 1 0 0 0 0 0 
416 319 43 55 1 0 0 0 0 0 
326 344 24 30 1 0 0 0 0 0 
154 344 13 15 2 0 0 0 0 0 
106 347 19 28 2 0 0 0 0 0 
1 316 51 47 1 0 0 0 0 0 
46--Jockey/46_Jockey_Jockey_46_18.jpg
12
259 367 40 55 1 0 0 0 0 0 
357 378 38 57 1 0 0 0 0 0 
389 482 44 55 1 0 0 0 0 0 
276 462 46 63 1 0 0 0 0 0 
171 478 44 58 1 0 0 0 0 0 
843 382 44 54 1 0 0 0 0 0 
767 437 50 64 1 0 0 0 0 0 
647 482 43 60 1 0 0 0 0 0 
518 511 42 58 1 0 0 0 0 0 
475 380 43 54 1 0 0 0 0 0 
598 387 42 51 1 0 0 0 0 0 
733 398 42 46 1 0 0 0 0 0 
46--Jockey/46_Jockey_Jockey_46_352.jpg
20
87 148 48 57 1 0 0 0 0 0 
167 236 49 61 1 0 0 0 0 0 
300 251 45 59 1 0 0 0 0 0 
207 140 43 53 1 0 0 0 0 0 
221 46 40 51 1 0 0 0 0 0 
337 42 36 49 1 0 0 0 0 0 
420 74 36 45 1 0 0 0 0 0 
337 121 40 54 1 0 0 0 0 0 
436 246 43 61 1 0 0 0 0 0 
495 181 36 48 1 0 0 0 0 0 
521 71 32 45 1 0 0 0 0 0 
611 65 35 48 1 0 0 0 0 0 
631 144 39 54 1 0 0 0 0 0 
558 242 43 54 1 0 0 0 0 0 
678 232 43 59 1 0 0 0 0 0 
694 68 34 47 1 0 0 0 0 0 
791 55 37 48 1 0 0 0 0 0 
779 135 40 52 1 0 0 0 0 0 
902 131 43 56 1 0 0 0 0 0 
809 226 47 58 1 0 0 0 0 0 
47--Matador_Bullfighter/47_Matador_Bullfighter_Matador_Bullfighter_47_195.jpg
5
288 8 51 57 1 0 0 0 0 0 
895 241 68 92 0 1 0 0 0 0 
756 97 62 75 0 0 0 0 0 0 
702 109 49 78 1 1 0 0 1 0 
570 115 54 83 0 0 0 0 0 0 
48--Parachutist_Paratrooper/48_Parachutist_Paratrooper_Parachutist_Paratrooper_48_127.jpg
6
215 172 46 52 1 0 0 0 2 0 
391 143 39 48 1 0 0 0 0 0 
548 217 28 41 1 0 0 0 0 0 
639 304 35 42 1 0 0 0 1 0 
744 200 32 40 1 0 0 0 0 0 
857 233 37 36 1 0 0 0 0 0 
49--Greeting/49_Greeting_peoplegreeting_49_11.jpg
7
728 175 45 55 1 0 0 0 0 0 
525 246 26 54 1 0 0 0 0 1 
453 255 38 54 1 0 0 0 0 0 
533 106 46 54 1 0 0 0 0 0 
253 223 40 57 1 0 0 0 0 0 
175 332 38 40 1 0 0 0 0 0 
131 235 42 62 1 0 0 0 0 0 
50--Celebration_Or_Party/50_Celebration_Or_Party_birthdayparty_50_18.jpg
15
133 403 27 40 1 0 0 0 0 0 
233 377 25 30 0 0 0 0 0 0 
335 366 25 29 1 0 0 0 0 0 
389 367 23 29 2 0 0 0 0 0 
468 350 15 31 1 0 0 0 2 0 
544 354 20 21 1 0 0 0 0 0 
610 345 21 26 1 0 0 0 1 0 
639 342 20 21 1 0 0 0 0 0 
718 335 18 25 1 0 0 0 0 0 
808 347 18 23 1 0 0 0 0 0 
849 376 22 29 1 0 0 0 0 0 
764 400 18 29 1 0 0 0 0 0 
927 378 17 25 1 0 0 0 1 0 
666 400 17 27 1 0 0 0 0 0 
561 430 15 26 2 0 0 0 0 1 
50--Celebration_Or_Party/50_Celebration_Or_Party_birthdayparty_50_88.jpg
31
64 52 29 41 1 0 0 0 0 0 
94 92 26 33 0 0 0 0 0 0 
154 72 30 41 0 0 0 0 0 0 
229 93 27 38 1 0 0 0 0 0 
226 53 23 36 1 0 0 0 0 0 
285 94 22 30 1 0 0 0 0 0 
305 70 28 43 1 0 0 0 0 0 
357 87 28 42 1 0 0 0 0 0 
424 99 26 42 1 0 0 0 0 0 
432 80 21 33 1 0 0 0 2 0 
534 74 25 31 1 0 0 0 0 0 
489 81 26 41 1 0 0 0 0 0 
461 84 27 40 1 0 0 0 0 0 
589 76 26 40 1 0 0 0 0 0 
616 83 23 38 1 0 0 0 0 0 
657 57 28 46 1 0 0 0 0 0 
697 75 28 39 1 0 0 0 0 0 
946 79 30 46 0 0 0 0 0 0 
865 79 33 46 0 0 0 0 0 0 
887 59 24 43 1 0 0 0 2 0 
810 116 38 56 0 0 0 0 0 0 
791 66 34 43 1 0 0 0 0 0 
134 249 36 48 1 0 0 0 0 0 
414 211 27 46 1 0 0 0 0 0 
324 257 35 52 1 0 0 0 0 0 
447 270 37 51 1 0 0 0 0 0 
544 294 31 38 1 0 0 0 0 0 
512 302 28 35 1 0 0 0 0 0 
568 215 32 47 0 0 0 0 0 0 
702 254 36 52 0 0 0 0 0 0 
694 180 30 45 0 0 0 0 0 0 
52--Photographers/52_Photographers_photographertakingphoto_52_578.jpg
9
66 144 80 110 1 0 0 0 2 0 
110 110 74 106 1 0 0 0 1 0 
276 164 76 100 1 0 0 0 1 0 
352 124 56 80 1 0 0 0 0 0 
498 250 64 82 1 0 0 0 2 0 
572 140 56 86 1 0 0 0 2 0 
758 170 52 74 1 0 0 0 0 0 
806 138 54 90 1 0 0 0 0 0 
948 168 62 70 1 0 0 0 0 0 
53--Raid/53_Raid_policeraid_53_41.jpg
7
161 17 74 112 0 0 0 0 0 0 
246 167 25 23 2 0 0 0 2 0 
378 147 67 74 0 0 0 0 0 1 
671 143 23 29 1 0 0 0 0 0 
647 139 14 20 1 0 0 0 0 0 
756 119 65 78 0 0 0 0 0 0 
933 137 14 19 2 0 0 0 1 0 
54--Rescue/54_Rescue_rescuepeople_54_32.jpg
6
197 258 70 82 1 0 0 0 2 0 
315 186 68 77 1 0 0 0 0 0 
527 221 36 52 1 0 0 0 0 0 
543 340 54 73 1 0 0 0 1 0 
611 281 44 54 2 0 0 0 2 0 
948 243 46 62 1 1 0 0 0 0 
54--Rescue/54_Rescue_rescuepeople_54_222.jpg
8
509 213 41 57 1 0 0 0 0 0 
677 43 47 66 1 0 0 0 0 0 
845 40 51 63 1 0 0 0 0 0 
325 80 52 63 1 0 0 0 0 0 
217 67 40 49 1 0 0 0 0 0 
173 46 39 53 1 0 0 0 0 0 
124 32 31 39 1 0 0 0 0 0 
51 32 35 46 1 0 0 0 0 0 
55--Sports_Coach_Trainer/55_Sports_Coach_Trainer_sportcoaching_55_3.jpg
12
958 76 22 24 2 0 0 0 0 0 
702 67 21 31 2 0 0 0 0 0 
503 177 16 21 2 0 0 0 0 0 
483 204 17 22 2 0 0 0 0 0 
375 190 14 23 2 0 0 0 0 0 
280 211 18 21 2 0 0 0 0 0 
216 229 19 31 2 0 0 0 0 0 
161 244 24 33 2 0 0 0 0 0 
124 202 20 29 2 0 0 0 0 0 
222 271 22 33 2 0 0 0 0 0 
102 309 31 48 2 0 0 0 0 0 
972 247 25 35 2 0 0 0 0 0 
56--Voter/56_Voter_peoplevoting_56_48.jpg
16
275 117 54 78 1 0 0 0 0 0 
403 132 32 56 1 0 0 0 1 0 
362 129 42 56 1 0 0 0 0 0 
148 154 51 67 1 0 0 0 0 0 
95 164 38 41 1 0 0 0 0 0 
9 129 40 47 1 0 0 0 0 0 
53 151 23 32 2 0 0 0 1 0 
532 144 53 80 1 0 0 0 0 0 
606 128 38 58 1 0 0 0 2 0 
698 127 30 55 1 0 0 0 0 0 
761 141 50 52 1 0 0 0 0 0 
784 182 47 77 1 0 0 0 0 0 
853 172 49 83 1 0 0 0 0 0 
858 100 45 51 1 0 0 0 0 0 
987 138 35 83 1 0 0 0 0 0 
491 226 34 54 1 0 0 0 0 0 
58--Hockey/58_Hockey_icehockey_puck_58_25.jpg
6
849 142 50 60 1 0 0 0 1 0 
843 50 38 52 1 0 0 0 1 0 
610 70 35 40 1 0 0 0 1 0 
397 173 46 49 1 0 0 0 1 0 
50 52 30 33 1 0 0 0 1 0 
585 160 16 14 2 0 0 0 1 0 
58--Hockey/58_Hockey_icehockey_puck_58_94.jpg
11
820 243 42 44 2 1 0 0 0 0 
689 171 41 45 1 1 0 0 0 0 
762 120 39 52 1 0 0 0 0 0 
600 100 34 57 1 0 0 0 2 0 
438 116 39 51 1 0 0 0 0 0 
569 162 44 38 1 0 0 0 0 0 
303 97 45 45 1 0 0 0 1 0 
1009 108 15 51 1 0 0 0 2 0 
977 112 31 46 1 0 0 0 0 0 
126 41 36 39 1 0 0 0 1 0 
47 12 34 51 2 0 0 0 2 0 
59--people--driving--car/59_peopledrivingcar_peopledrivingcar_59_704.jpg
8
442 175 59 90 1 0 0 0 0 0 
478 40 43 59 1 0 0 0 0 0 
331 90 43 51 1 0 0 0 0 0 
163 80 56 76 1 0 0 0 0 0 
98 203 66 75 1 0 0 0 0 0 
626 17 52 72 1 0 0 0 0 0 
767 94 49 64 1 0 0 0 0 0 
860 133 70 90 0 0 0 0 0 0 
